no,ort_tuketim_1,ort_tuketim_2,ort_tuketim_3,ort_tuketim_4,ort_tuketim_5,ort_tuketim_6,ort_tuketim_7,ort_tuketim_8,ort_tuketim_9,ort_tuketim_10,ort_tuketim_11,ort_tuketim_12,ort_tuketim_13,ort_tuketim_14,ort_tuketim_15,ort_tuketim_16,ort_tuketim_17,ort_tuketim_18,ort_tuketim_19,ort_tuketim_20,ort_tuketim_21,ort_tuketim_22,ort_tuketim_23,ort_tuketim_24,ort_tuketim_25,ort_tuketim_26,demand_1,demand_2,demand_3,demand_4,demand_5,demand_6,demand_7,demand_8,demand_9,demand_10,demand_11,demand_12,demand_13,demand_14,demand_15,demand_16,demand_17,demand_18,demand_19,demand_20,demand_21,demand_22,demand_23,demand_24,demand_25,demand_26,type,kacak
1,0.023,0.0228,0.321,0.015,0.023,0.028,0.0121,0.0,0,0.043,0.97,0.016,0.0122,0.212,0.034,0.076,0.023,0.014,0.0,0.0,0.032,0.89,0.021,0.0148,0.31,0.032,0.0812,0.0,0.0,0.002,0.156,0.003,0.002,0.0,0.0,0.0,0.0,0.012,0.0156,0.001,0.001,0.006,0.044,0.001,0.0,0.0,0.003,0.003,0.005,0.003,0.02,0.001,Mesken Genel,1
2,211.029,156.531,108.928,175.109,244.664,285.147,306.771,343.32,296.255,305.882,216.21,273.344,301.113,300.227,261.76,291.213,299.37,262.553,300.991,297.223,283.278,288.943,277.432,307.214,295.798,269.129,0.932,1.516,1.264,1.68,1.68,1.68,1.68,1.343,1.543,1.87,1.67,1.74,1.83,1.76,1.72,1.74,1.65,1.99,1.93,1.96,2.03,2.12,2.21,2.001,1.89,1.71,Mesken Genel,0
3,83321.0,129543.0,43123.0,44802.0,134321.0,36128.0,41965.0,138439.0,84781,130214,45512.0,40369.0,125058.0,126325.0,34213,47493.0,134675.0,82325,133376.0,44274.0,43012,123619.0,142432.0,42654.0,45273,133164.0,0.176,0.112,0.42,0.54,0.164,0.0,0.142,0.132,0.34,0.46,0.32,0.0,0.112,0.102,0.31,0.21,0.23,0.0,0.342,0.354,0.214,0.135,0.184,0.0,0.0,0.129,Tar覺msal Sulama,1
4,368.606,310.068,361.025,456.98,615.427,698.81,714.701,727.263,645.465,697.321,721.934,745.761,675.785,693.561,731.643,732.564,832.543,688.543,685.875,762.982,752.697,632.543,686.443,773.547,772.234,803.565,2.616,2.496,2.376,2.248,2.608,2.78,2.504,1.98,1.97,1.67,1.86,1.95,2.38,1.4,1.77,1.66,1.99,2.44,1.89,1.98,1.87,2.0,2.02,2.18,2.09,2.15,Tar覺msal Sulama,0
5,0.0,0.0,0.0,0.0,0.0,0.0,0.0,0.0,0,0,0.0,0.0,0.0,0.0,0,0.0,0.0,0,0.0,0.0,0,0.0,0.0,0.0,0,0.0,0.0,0.0,0.0,0.0,0.0,0.0,0.0,0.0,0.0,0.0,0.0,0.0,0.0,0.0,0.0,0.0,0.0,0.0,0.0,0.0,0.0,0.0,0.0,0.0,0.0,0.0,Ticarethane Genel,1
6,2432.341,4421.541,4100.469,4597.591,5853.778,4299.122,4576.424,4039.701,4597.591,5853.778,7198.139,8521.071,7542.1234,7354.093,7894.321,7213.619,6455.5409,7391.923,8423.712,6987.396,7603.23,6954.919,7543.3211,8764.453,7934.332,8764.413,6.88,6.044,6.86,6.668,7.048,5.18,5.668,7.54,6.321,6.267,6.674,7.231,5.687,5.912,6.342,6.892,7.643,6.194,5.802,6.722,6.895,7.362,6.856,5.994,6.321,5.539,Ticarethane Genel,0
7,0.0,0.0,0.0,0.0,0.0,0.0,0.0,0.0,0,0,0.0,0.0,0.0,0.0,0,0.0,0.0,0,0.0,0.0,0,0.0,0.0,0.0,0,0.0,0.0,0.0,0.0,0.0,0.0,0.0,0.0,0.0,0.0,0.0,0.0,0.0,0.0,0.0,0.0,0.0,0.0,0.0,0.0,0.0,0.0,0.0,0.0,0.0,0.0,0.0,Ticarethane Genel,1
8,2733.881,2838.973,2970.176,3101.077,3226.601,3339.164,2954.562,2859.492,2982.832,3321.432,3341.436,3499.453,3333.343,3128.473,2954.326,3123.217,3323.301,3542.132,2991.535,2959.622,2925.831,3342.653,3376.412,3443.129,3273.415,3641.421,3.18,3.144,3.26,3.168,3.048,3.18,3.468,4.54,3.221,3.467,3.274,3.131,3.787,3.932,3.742,3.992,3.943,4.194,3.902,3.922,3.995,4.362,4.156,3.994,4.121,4.029,Ticarethane Genel,0
9,0.0,0.0,0.0,0.0,0.0,0.0,0.0,0.0,0,0,0.0,0.0,0.0,0.0,0,0.0,0.0,0,0.0,0.0,0,0.0,0.0,0.0,0,0.0,0.0,0.0,0.0,0.0,0.0,0.0,0.0,0.0,0.0,0.0,0.0,0.0,0.0,0.0,0.0,0.0,0.0,0.0,0.0,0.0,0.0,0.0,0.0,0.0,0.0,0.0,Ticarethane Genel,1
10,762.888,743.811,832.888,743.453,759.321,827.487,618.112,694.811,978.888,716.453,756.163,715.823,598.402,711.643,978.403,1247.694,1529.172,1774.843,1996.025,2214.422,2361.643,1742.871,1912.345,1891.225,2223.324,2371.382,1.14,1.104,1.108,1.164,1.162,1.32,1.14,1.12,1.142,1.921,1.992,1.756,1.916,1.84,1.668,1.736,1.888,1.568,1.744,1.456,1.676,1.835,1.9811,1.998,1.932,1.921,Ticarethane Genel,0
11,10393.667,8470.8,7882.89,8500.3,8123.98,7564.25,1546.36,1459.36,1147.25,1486.34,1572.4,1151.27,1257.79,1002.14,1146.98,1589.62,1524.31,1475.91,1133.77,1160.47,1259.96,1274.41,974.12,987.321,887.69,1448.03,18.696,17.14,19.872,15.952,16.628,17.156,6.444,5.023,5.108,5.896,6.008,5.408,7.752,7.079,7.198,8.548,7.324,7.264,8.952,7.532,6.845,7.836,7.648,5.809,7.564,6.992,Ticarethane Genel,1
12,15266.91,24091.62,33103.45,49696.66,70371.08,89002.164,110817.401,126426.769,140270.955,151043.754,163121.024,160730.17,165572.34,161895.64,170789.14,152191.38,168308.25,151001.98,155654.36,159189.84,155035.07,156011.73,157288.12,156345.14,159469.08,160567.36,35.32,33.032,43.636,46.108,49.728,41.332,40.252,76.456,73.712,74.088,79.576,75.324,76.744,75.796,70.976,79.777,78.408,79.364,86.173,70.324,77.768,79.809,72.164,71.409,70.406,79.624,Ticarethane Genel,0
13,23369.365,24598.485,25744.923,26727.032,27746.798,28819.657,29861.911,30655.797,31411.647,31975.416,2516.997,3209.836,2217.9,3577.02,3290.321,4189.11,4310.87,5521.36,4132.05,4992.07,4974.25,4899.04,5577.42,5975.23,5489.32,5369.58,12.932,10.424,12.7,11.196,13.068,14.252,14.408,13.508,12.604,13.396,3.432,3.804,3.734,3.025,3.982,3.215,3.404,3.008,3.924,3.872,2.964,3.212,3.704,3.705,3.962,3.321,Ticarethane Genel,1
14,34057.725,34721.114,36410.307,38229.432,40561.515,43187.028,45763.797,47794.453,49403.114,50572.397,51730.594,52899.168,53938.696,55086.687,56310.208,58045.762,60133.904,65125.3,64706.79,67580.32,65469.36,63258.64,67227.03,69290.78,68580.95,67597.01,11.092,12.612,12.788,13.796,13.728,14.092,11.362,15.424,15.848,14.392,13.688,12.488,11.002,11.696,10.124,15.608,12.304,12.702,12.964,13.302,11.895,11.167,11.324,11.698,11.552,11.107,Ticarethane Genel,0
15,48402.307,49102.074,47626.204,43652.735,39102.07,39102.07,45626.04,13652.75,12841.73,15191.79,16156.92,15108.79,15006.64,4654.21,6125.33,7015.37,8555.12,7429.66,9015.95,9209.27,9098.24,10421.55,9698.37,9952.03,9429.65,9347.02,13.432,13.353,12.563,13.42,13.112,12.732,12.416,3.042,3.124,4.212,4.326,4.218,5.432,3.532,3.916,3.432,2.111,3.576,3.918,3.842,3.432,3.316,2.632,3.322,3.306,3.232,Ticarethane Genel,1
16,64255.07,76684.67,88144.75,96915.17,105696.36,240296.14,132189.44,17183.446,28615.485,41240.505,54993.913,69792.614,86942.328,13570.854,22801.572,31789.704,40363.161,47593.788,56080.837,66224.664,78166.729,90448.98,95152.17,97429.34,100160.49,98890.83,31.532,28.036,26.404,38.532,27.388,29.324,26.268,26.308,26.572,31.824,31.12,31.744,25.856,27.688,27.924,26.292,28.104,28.552,29.576,24.304,26.588,30.24,32.226,34.344,38.218,33.994,Ticarethane Genel,0
17,15321.421,15045.986,15045.986,16341.431,17402.36,18301.542,15603.421,17503.432,5216.508,5696.239,5698.932,5700.67,5701.732,5703.358,8511.281,7931.339,7893.88,10047.59,10164.658,8263.297,8933.012,9247.36,9495.0,10500.42,11196.72,12469.52,14.432,13.332,16.852,12.422,15.542,16.532,15.543,16.784,16.268,7.156,7.012,7.008,7.004,7.204,7.214,7.624,6.568,6.624,6.632,7.324,7.424,6.678,6.974,7.513,7.321,7.426,Tar覺msal Sulama,1
18,8598.678,9308.42,10308.42,10320.17,11151.89,10183.43,15203.05,14435.33,15045.01,16193.24,14067.23,14444.98,13108.87,16996.52,16428.3,18193.1,19861.3,21399.42,22198.37,21511.77,22011.3,23944.06,23201.96,24203.96,23809.63,24108.84,15.336,13.436,14.852,15.92,15.848,16.28,16.632,16.296,16.325,15.356,15.212,16.308,16.504,16.404,16.314,16.824,17.268,15.924,16.332,16.724,16.724,15.878,16.674,16.713,16.721,16.426,Tar覺msal Sulama,0
19,0.006,0.006,0.009,0.006,0.0,0.007,0.007,0.007,0.006,0.006,0.0,0.006,0.008,0.006,0.006,0.007,0.008,0.006,0.006,0.007,0.006,0.004,0.006,0.008,0.009,0.006,0.0002,0.0001,0.002,0.0002,0.0,0.005,0.001,0.0001,0.0001,0.0003,0.0,0.0002,0.0001,0.0005,2e-05,1e-05,0.0003,0.0004,0.0001,0.0001,0.0048,1e-05,3e-05,3e-05,0.004,6e-05,Ticarethane Genel,1
20,994.647,1818.827,2602.652,3407.932,4793.115,7011.288,9203.053,10345.333,11151.429,12363.249,14160.407,15840.911,17580.115,18597.44,19514.342,20428.595,21655.359,22027.23,21076.43,23043.0,22341.65,23841.153,23153.25,22279.18,20751.08,23518.62,15.532,18.431,19.732,14.952,20.532,21.356,25.656,27.136,22.008,22.328,21.432,19.462,24.392,23.616,24.546,25.346,24.438,26.718,23.542,24.212,25.126,24.596,26.214,27.928,25.521,25.988,Ticarethane Genel,0
21,17342.234,18492.549,19420.432,15710.334,18171.838,19867.346,18040.04,19071.897,17666.973,5216.438,5214.203,5893.246,6489.265,6897.003,4232.365,5987.36,5978.52,5902.34,5277.58,6786.79,6698,5872.34,5668.97,4088.69,4516.3,4950.89,6.629,6.629,6.385,6.619,6.127,6.032,6.104,7.923,7.655,2.919,3.021,2.542,2.602,2.433,2.436,2.965,2.502,2.919,2.653,2.223,3.103,3.486,3.021,2.402,2.943,2.812,Ticarethane Genel,1
22,13526.322,13594.425,13597.353,14841.926,14292.121,15854.915,25649.041,30457.481,35215.619,35123.013,35871.524,34938.127,34891.627,35713.321,36367.222,35900.635,35712.093,34990.534,34278.753,35678.931,35206.038,35147.737,34999.215,35248.013,34459.316,34162.219,14.356,14.246,13.589,13.352,12.273,12.112,12.343,21.272,22.012,21.231,21.906,22.178,21.173,20.212,20.743,20.691,21.912,21.258,20.391,20.183,21.207,21.262,21.291,23.301,21.131,22.321,Ticarethane Genel,0
23,194247.588,198276.198,201146.859,204004.286,206191.84,208856.129,210838.136,213279.428,215899.518,218045.001,22043.832,22368.835,22974.765,23217.417,28429.795,24226.53,24473.947,24268.229,25127.469,25679.352,26421.034,26258.927,26277.134,23525.205,27237.121,28450.301,30.728,29.528,28.428,22.58,21.3,19.624,17.224,19.092,20.704,16.06,6.404,6.072,6.228,6.872,6.796,6.212,5.328,8.948,9.734,8.233,6.552,6.934,7.204,7.376,7.422,7.234,Ticarethane Genel,1
24,289958.834,293751.476,297927.036,301633.139,305042.18,300706.43,301607.02,300758.84,307835.363,309215.06,310063.69,312853.78,315696.33,319710.94,319713.13,319921.15,320121.96,321570.36,322319.67,330697.36,331784.56,331518.99,332990.36,333006.925,335160.14,337801.29,72.984,78.756,76.348,71.66,74.292,74.92,75.62,74.22,74.09,75.98,75.03,76.92,76.4,76.1,77.32,77.25,77.08,76.6,77.31,77.67,77.34,77.55,76.31,78.62,79.03,78.26,Ticarethane Genel,0
25,13282.04,12292.95,12254.63,12841.33,12758.25,11867.14,1649.24,1290.75,1215.43,1113.8,1891.12,1938.43,1399.48,1871.2,1138.54,1196.36,1598.65,1457.424,1363.78,1278.89,1217.12,1444.92,1582.36,1570.14,1006.98,1233.18,5.363,5.325,5.921,5.341,5.421,4.321,0.437,0.538,0.556,0.457,0.743,1.232,1.123,1.151,1.092,0.931,0.893,0.932,0.932,0.733,0.762,0.791,0.842,0.6722,0.592,0.817,Ticarethane Genel,1
26,10279.48,10271.283,10050.401,14076.218,18758.302,24035.844,30372.15,35870.789,39113.008,42290.857,46208.042,51585.799,50555.67,49113.85,49851.58,49232.47,49399.09,49900.11,50890.15,51789.86,50315.67,50144.9,51012.65,51861.15,50345.95,51230.77,21.532,24.836,19.252,18.804,18.596,18.544,22.76,23.584,25.188,28.932,28.78,32.264,33.624,32.023,32.985,32.642,32.698,33.687,32.014,32.674,32.987,32.324,33.678,32.568,32.684,32.987,Ticarethane Genel,0
27,597.218,660.848,653.435,628.251,668.965,628.955,666.803,611.747,631.5,27.24,57.476,58.44,28.221,68.965,36.642,59.852,83.75,82.5,77.24,79.48,68.76,56.421,98.532,73.642,72.042,98.762,0.52,0.464,0.444,0.448,0.472,0.445,0.448,0.476,0.472,0.168,0.18,0.108,0.164,0.124,0.112,0.113,0.125,0.129,0.189,0.198,0.194,0.169,0.194,0.127,0.184,0.194,Mesken Genel,1
28,1853.906,1705.892,1640.688,1822.407,1870.644,1608.786,1960.768,1706.26,1861.1,1953.313,1805.422,1950.235,1932.743,1943.624,1897.732,1999.768,1990.342,1903.321,1954.325,1923.843,1946.703,1891.124,1999.602,1990.429,1903.351,1942.151,2.108,2.056,2.036,2.772,1.82,1.892,1.984,1.976,1.843,2.421,2.521,2.622,2.731,2.042,1.937,1.999,1.942,1.967,2.354,2.432,2.495,2.542,1.995,2.399,2.442,2.367,Mesken Genel,0
29,500.9,500.93,501.75,501.61,501.01,501.617,502.312,502.614,103.311,101.927,92.614,91.321,81.174,121.231,141.619,143.336,121.225,151.417,122.267,92.124,94.339,97.387,101.912,102.622,101.724,98.172,0.9,1.448,1.036,0.792,0.856,0.952,1.188,1.46,0.228,0.216,0.248,0.212,0.156,0.392,0.116,0.244,0.329,0.259,0.289,0.205,0.233,0.237,0.345,0.376,0.164,0.255,Ticarethane Genel,1
30,21087.894,21321.174,21687.537,22027.94,22444.596,22871.54,23189.071,23435.647,23809.118,24196.207,24469.396,24704.724,24990.705,25325.899,25656.628,26015.638,23897.76,22567.7,19932.54,26275.12,20435.9,22890.264,21874.25,22777.57,21388.02,19933.22,5.816,5.432,5.332,5.524,5.326,5.236,5.122,4.478,4.212,4.386,4.823,5.643,5.632,5.732,5.234,5.311,5.213,5.131,5.136,5.923,5.134,6.124,6.043,6.131,6.041,6.131,Ticarethane Genel,0
31,29704.859,28956.359,27991.673,27854.006,27980.837,28258.451,26660.599,28153.231,32555.67,5556.9,5887.09,6675.54,6655.33,7645.539,7544.034,6233.933,6007.029,5006.229,7344.821,6555.626,7680.728,6570.515,7344.21,6212.421,7123.323,6546.093,6.864,8.632,7.384,7.412,7.804,7.852,8.272,9.208,8.456,3.087,3.444,2.564,2.678,2.908,2.768,3.543,2.777,2.429,3.543,3.555,2.726,3.056,3.654,3.453,2.987,2.765,Mesken Genel,1
32,39356.224,40175.054,42894.994,48007.271,54446.647,59938.167,65045.035,67203.547,68399.781,71851.422,75559.985,79121.999,80789.343,82446.767,87152.851,94516.412,100887.727,108706.329,104294.926,106505.344,109943.036,98600.09,96809.0,97549.65,90555.89,97788.02,16.088,13.464,14.344,15.336,15.856,14.776,15.696,16.792,17.252,18.88,19.832,19.552,19.864,19.468,19.36,19.808,19.408,19.504,19.128,95.196,19.672,21.678,21.432,20.431,19.456,21.342,Mesken Genel,0
33,500.984,501.364,501.364,501.647,502.671,502.364,502.741,502.003,0,0,0.0,0.0,0.0,0.0,0,0.0,0.0,0,0.0,0.0,0,0.0,0.0,0.0,0,0.0,0.872,0.642,0.675,0.674,0.649,0.592,0.693,0.672,0.0,0.0,0.0,0.0,0.0,0.0,0.0,0.0,0.0,0.0,0.0,0.0,0.0,0.0,0.0,0.0,0.0,0.0,Ticarethane Genel,1
34,2000.982,2550.261,2499.498,3132.814,5504.48,7944.984,10005.166,12367.106,14388.33,17232.391,20193.822,18433.09,18444.8,19788.65,19346.9,19500.9,19076.67,19002.9,20333.54,20367.34,19934.67,19123.44,20453.62,21210.45,22347.21,21543.8,3.53,3.325,3.316,3.262,3.568,3.352,4.864,5.932,6.564,7.088,7.324,7.223,7.398,7.444,6.943,7.976,6.446,7.909,7.777,7.865,7.213,8.345,8.056,8.49,8.567,8.034,Ticarethane Genel,0
35,501.236,501.246,502.314,502.368,502.364,501.67,501.625,501.978,550.602,560.324,490.687,480.6987,500.697,520.671,536.214,435.954,465.698,81.789,80.364,75.348,98.247,66.247,85.981,80.364,93.302,90.147,0.642,0.754,0.744,0.654,0.672,0.534,0.732,0.654,0.542,0.721,0.647,0.322,0.673,0.764,0.643,0.763,0.675,0.121,0.096,0.094,0.112,0.099,0.095,0.098,0.067,0.056,Ticarethane Genel,1
36,15452.78,18768.57,21700.72,24799.16,27800.07,31042.46,35275.4,39761.02,46840.7,53846.55,61650.699,67265.908,71332.423,74639.738,78012.971,81365.625,84598.324,88431.833,91890.7,96345.499,102379.844,98345.21,92578.32,98235.98,100345.89,81443.78,11.724,10.976,9.36,11.188,10.328,10.072,13.252,12.16,14.736,15.692,14.504,14.22,14.548,15.74,14.91,18.684,18.096,18.792,19.964,17.532,18.192,19.184,18.543,19.08,19.986,18.585,Ticarethane Genel,0
37,504.945,520.247,503.149,550.364,499.203,510.782,515.465,523.032,514.874,600.23,506.398,550.789,600.146,547.321,568.498,525.7,173.493,105.322,109.222,125.344,125.409,120.34,117.23,107.78,104.698,103.76,0.372,0.32,0.408,0.444,0.416,0.441,0.421,0.413,0.428,0.416,0.412,0.452,0.412,0.444,0.453,0.512,0.111,0.025,0.012,0.113,0.091,0.092,0.034,0.098,0.081,0.097,Ticarethane Genel,1
38,1733.499,1784.397,1872.602,1675.698,1717.745,1782.611,1992.979,2457.76,2132.45,2100.637,2008.543,2186.98,2180.34,2265.09,2132.86,2203.87,2203.44,2033.5,2088.653,1946.923,2344.944,2189.644,2002.8,1953.67,2150.43,2298.77,2.356,2.712,2.652,2.692,3.352,3.008,3.556,2.345,2.908,3.123,3.209,3.263,3.11,3.709,3.128,3.103,3.389,3.643,3.076,3.213,3.675,3.054,3.274,3.876,3.263,3.266,Ticarethane Genel,0
39,1785.209,1816.544,1727.19,1950.315,2065.35,1994.472,1962.236,1898.324,1989.147,2959.357,2879.348,2741.398,2949.103,2778.106,2987.246,2921.625,2965.17,2893.2,2812.98,2756.016,2771.36,2747.3,2876.81,2742.14,2001.002,2879.2,1.812,1.412,1.254,2.028,2.282,2.506,2.1026,2.203,2.398,2.449,2.523,2.542,2.506,2.616,2.226,2.315,2.414,2.484,2.512,2.426,2.667,2.414,2.436,2.325,2.568,2.489,Ticarethane Genel,0
40,8654.062,8959.623,8273.046,12112.575,17512.435,22306.521,26415.024,30627.258,35025.229,33252.21,29852.18,29505.21,26559.15,28515.56,30756.25,31258.25,29552.55,28875.54,29569.56,34166.62,33526.85,37515.25,30515.61,33255.54,31752.65,35551.51,12.262,11.225,12.808,12.122,11.192,12.72,11.116,11.992,16.68,16.12,17.322,17.432,17.213,18.342,17.237,18.329,19.424,19.352,19.345,19.426,19.573,19.324,19.578,17.562,18.452,18.452,Ticarethane Genel,0
41,4245.91,5343.12,6152.15,7545.15,9181.16,10165.26,11594.64,12152.15,11158.15,14156.15,10168.15,10556.18,10191.26,9265.68,9558.19,9159.21,15158.58,15155.88,16158.58,15188.64,16158.15,15158.18,16158.19,15156.58,15188.84,15184.18,4.152,4.203,4.026,4.523,4.036,4.024,4.362,4.198,4.157,3.698,4.589,6.187,7.002,7.023,6.185,6.003,6.601,6.587,6.514,6.526,6.631,6.769,6.414,6.268,7.012,7.398,Ticarethane Genel,0
42,21313.47,28127.19,34372.352,30192.405,34851.574,39385.036,43803.037,48649.402,53566.772,58888.546,65213.334,71641.042,73165.216,74159.19,71186.88,69188.19,77215.15,74158.91,74158.16,72185.15,73281.29,75155.15,75252.25,73128.18,72155.15,70186.92,13.024,15.492,14.528,13.54,12.824,13.032,13.476,14.712,12.616,12.952,14.312,15.265,14.156,15.156,14.156,11.155,13.156,11.193,14.159,15.192,15.186,14.189,15.846,18.168,14.151,14.186,Ticarethane Genel,0
44,14549.46,14569.63,11586.59,16586.29,14156.19,13586.49,14186.98,14182.29,14159.19,14185.48,14186.91,14188.58,17186.29,11182.48,15118.18,13198.26,15168.26,14156.61,15265.15,13251.51,16156.26,14216.66,15193.16,14193.296,15268.36,15322.161,5.192,5.321,5.221,5.304,4.096,5.212,5.048,5.05,5.02,6.51,4.28,4.51,5.184,5.305,5.315,6.038,5.545,4.943,5.348,5.395,5.932,5.735,5.533,5.258,4.385,5.74,Ticarethane Genel,0
46,1343.016,1033.685,1234.321,1837.467,1447.075,1684.592,1825.205,1844.952,1387.753,1890.491,1785.145,2037.13,2223.127,2190.402,2288.296,2148.29,2196.83,2281.52,2985.25,2189.95,2258.18,2251.55,2255.51,2755.52,3052.65,2925.55,1.32,0.997,0.976,1.22,1.24,1.244,1.288,1.292,1.272,1.336,1.356,1.97,1.99,2.124,2.143,2.525,2.325,2.518,2.166,1.825,1.845,1.825,1.869,1.951,1.952,1.929,Sanayi,0
48,1078.872,1386.929,1387.065,1393.558,1407.455,1429.997,1453.743,1470.286,1480.96,1490.859,1502.567,1514.37,1529.62,1125.92,1295.61,1218.29,1516.15,1158.29,1152.25,1518.52,1268.56,1515.29,1128.261,1515.29,1821.28,1818.12,1.365,1.423,1.525,1.665,1.597,1.625,2.247,2.369,2.245,2.365,2.002,2.365,2.684,2.574,2.625,2.425,2.251,2.516,2.351,2.516,2.716,2.615,2.623,2.701,2.542,2.411,Ticarethane Genel,0
50,194.126,199.612,219.774,237.766,256.446,272.239,288.002,303.495,316.759,305.598,309.051,310.191,311.819,325.105,301.315,308.519,307.211,307.128,304.486,304.181,328.051,305.181,309.218,307.153,308.215,301.156,0.324,0.328,0.308,0.312,0.336,0.312,0.314,0.372,0.284,0.299,0.278,0.365,0.378,0.398,0.375,0.357,0.378,0.368,0.379,0.351,0.355,0.305,0.336,0.376,0.381,0.305,Mesken Genel,0
51,0.0,0.0,0.0,0.0,0.0,0.0,0.0,0.0,0,0,0.0,0.0,0.0,0.0,0,0.0,0.0,0,0.0,0.0,0,0.0,0.0,0.0,0,0.0,0.0,0.0,0.0,0.0,0.0,0.0,0.0,0.0,0.0,0.0,0.0,0.0,0.0,0.0,0.0,0.0,0.0,0.0,0.0,0.0,0.0,0.0,0.0,0.0,0.0,0.0,Ticarethane Genel,1
52,250.321,212.927,276.013,382.733,587.993,785.628,982.049,1213.806,1408.581,1660.336,1925.048,2203.013,2363.289,2535.874,2828.184,3010.47,3026.16,3065.62,3056.96,3206.26,3265.06,3012.26,3052.26,3056.26,3062.26,3062.29,0.0,1.928,1.924,1.828,1.008,1.244,1.202,0.926,1.208,1.468,1.46,1.508,1.34,2.622,2.788,3.036,3.025,3.051,3.215,3.051,3.425,3.485,3.023,3.188,3.025,3.248,Mesken Genel,0
